0.334253
-0.0956065
0.481668
-0.0653814
-0.456492
0.126977
-0.445291
-0.0196218
-0.391282
-0.281173
-0.0879348
-0.017787
0.48244
0.399323
-0.0537298
0.219855
0.746085
-0.00306969
-0.31655
-0.362454
0.00528847
-0.0998561
-0.110769
0.164287
0.433195
0.308385
0.0836426
0.0504186
-0.0728698
0.043766
0.0721747
-0.238616
0.17997
-0.501668
0.231381
0.310588
0.143753
0.298152
-0.532204
-0.228154
-0.519654
-0.124729
0.26493
0.775517
0.38525
-0.246008
-0.406261
-0.190175
0.064344
0.139272
-0.22282
-0.0585401
-0.460584
0.0119094
1.17259
0.00211638
0.230113
0.0948671
-0.447465
-0.711285
0.836394
-0.0604772
-0.246697
0.665935
-0.0214328
0.231315
0.438249
0.471307
0.0129915
-0.461007
-0.256847
0.545561
0.0518028
-0.618154
0.431008
1.18383
-0.280717
0.139538
0.234037
0.384451
-0.22119
1.15397
-0.359169
-0.181774
0.501906
-0.481463
0.332943
0.0432259
-0.0983997
0.399549
0.458317
-0.337398
-0.401392
-0.380903
-0.224989
-0.379421
-0.230895
-0.28674
-0.408114
-0.241913
-0.247747
-0.164961
-0.352465
0.304055
-0.156878
-0.421457
0.267991
0.0624047
0.218082
-0.703206
-0.0101826
0.496892
-0.481738
0.130649
-0.184882
0.331374
0.149186
-0.364539
-0.1254
-0.0967398
-0.491662
-0.521854
-0.264158
-0.0285922
-0.305833
0.178091
-0.0586823
-0.0367287
0.39135
-0.197995
0.168473
0.08825
-0.0389993
0.316008
0.913551
-0.288634
0.394551
0.215649
0.27377
0.112632
0.342527
-0.236412
0.109524
0.360789
0.495545
0.424642
0.192164
0.0434221
-0.439897
-0.433236
0.0942079
-0.431559
-0.358166
0.497288
-0.11082
-0.163999
0.175378
0.330497
0.299272
0.0667281
-0.136299
-0.032255
0.210331
-0.268055
-0.216247
0.157989
0.0280624
-0.321696
-0.126362
0.121085
0.391504
-0.283835
-0.019331
-0.0995393
-0.423045
-0.125094
-0.174897
0.269118
0.497734
-0.114794
0.430625
0.0125355
-0.0463526
0.477716
0.00982303
0.342827
-0.186283
-0.314799
0.173324
-0.387011
0.251929
-0.462974
0.0807337
-0.03774
-0.231029
0.817588
-0.379751
0.415151
-0.457209
-0.210964
0.429362
0.333727
0.210053
-0.0899685
0.0292585
0.287007
0.284937
0.0592908
0.0561253
0.203265
0.444497
-0.107993
-0.2842
-0.101856
-0.130276
0.225623
-0.259029
0.18344
0.410824
0.414296
0.296429
0.162754
0.451321
-0.122837
-0.374986
0.125185
-0.258351
-0.254737
0.432573
-0.668304
0.23915
0.0226523
-0.381833
0.216346
-0.228033
-0.147646
-0.26379
-0.443096
0.411645
0.292335
0.260169
0.356142
-0.315658
0.350307
-0.245713
0.054066
0.374936
-0.00474199
-0.350705
0.112417
0.129227
-0.466064
-0.224829
-0.139125
0.198795
-0.0998159
0.520107
0.152748
0.145447
0.0137402
0.437188
-0.115403
-0.124324
-0.878863
0.333799
0.147643
-0.092291
-0.429991
0.204548
-0.180646
0.362344
-0.0352832
-0.324503
-1.16675
-0.0593139
-0.0702168
0.100752
-0.171849
0.425041
0.338259
0.254696
-0.165405
0.372194
-0.470134
0.445474
-0.216707
-0.0699496
-0.223363
0.43604
-0.424503
0.290377
0.373228
-0.0399062
-0.333947
0.428583
-0.206107
0.313696
-0.186632
-0.136098
0.018244
0.155646
-0.273754
0.482961
0.0871459
-0.227068
-0.0593759
-0.239074
0.373684
0.0659256
-0.314033
0.211943
-0.394432
0.0205618
0.0841371
-0.149512
-0.283968
0.36743
0.280538
-0.298611
0.30347
0.356035
-0.216955
0.176698
-0.183871
-0.0509016
0.56228
0.110022
-0.544896
0.441572
0.325235
0.281039
0.0972184
-0.299831
0.100738
-0.0716391
-0.317118
-0.81092
0.314833
-0.248575
0.253572
0.375254
-0.521208
-0.425807
-0.104185
0.142865
-0.075319
0.497697
0.0102952
-0.294781
-0.395485
-0.186235
-0.0371549
-0.266837
0.490463
-0.0769289
0.336659
0.0957441
0.232156
-0.400546
0.0373165
0.461329
0.674931
-0.365465
-0.338502
0.144492
0.0628958
0.1346
-0.605206
-0.247818
0.481385
0.085711
-0.372564
-0.459887
0.159904
0.0232513
0.182979
-0.0709608
-0.364902
-0.306726
0.167118
-0.260386
0.00703936
-0.148941
0.127175
-0.00249728
0.228442
-0.0361659
-0.406753
0.215847
0.0632883
0.130563
-0.120414
-0.0562188
0.265098
0.338674
-0.411726
-0.172006
-0.301864
0.420413
0.0801765
-0.0453411
0.00612349
0.207612
-0.00522757
-0.333972
-0.269136
-0.322249
-0.249387
-0.134038
0.206829
0.0677947
0.105576
0.378065
0.391476
-0.267249
0.101338
0.271669
0.342447
-0.0311856
0.16906
-0.240127
-0.400622
-0.487059
0.203654
0.364476
0.351615
0.35567
-0.30753
-0.175112
0.21234
0.450713
0.333822
-0.281536
-0.019741
-0.22568
-0.115508
0.211123
-0.0479288
0.135105
-0.422915
0.323097
-0.324477
0.182661
0.201162
-0.433001
0.415411
-0.423271
0.186917
0.871358
0.0455437
-0.477318
0.371869
0.144922
-0.464378
0.0755233
0.00939762
0.387237
-0.132549
0.201868
-0.287875
-0.420208
0.100312
0.491673
-0.0633023
0.454773
-0.234007
0.312774
0.165896
0.218064
-0.182148
0.242981
0.0411606
0.00759877
-0.0743584
-0.257678
0.0603735
0.274412
-0.180949
-0.25271
0.453049
0.364595
-0.230028
0.399199
0.00951667
-0.194406
-0.51407
-0.481086
-0.307169
0.267893
0.220782
-0.0950438
0.347684
-0.304703
-0.103371
-0.35406
-0.34993
0.162621
0.254221
0.315966
-0.119315
-0.353461
-0.0931944
0.421846
0.136185
0.0360507
-0.335832
-0.299713
-0.174358
-0.0167804
-0.0524227
-0.0453138
-0.572434
0.217549
-0.396391
0.140679
-0.476857
0.00405018
0.376246
-0.284026
-0.228057
0.0970278
0.12093
-0.380373
0.0837044
-0.482441
-0.234434
0.442394
-0.0922184
-0.405747
0.258361
-0.439134
-0.259208
-0.182692
0.482712
0.00715625
-0.409782
-0.35312
-0.419008
-0.0739712
0.1301
0.0285696
0.406229
0.477914
-0.253881
-0.38494
0.533892
-0.230738
0.0138883
0.211492
-0.0147638
0.285831
-0.19148
-0.393833
0.405458
-0.399156
-0.674763
-0.328976
-0.456762
0.303907
-0.234723
0.301599
0.490578
0.006069
-0.381093
0.347485
-0.113226
-0.0791961
0.494365
-0.0322335
-0.451657
-0.220038
0.496336
0.454572
0.102379
-0.257545
0.46441
-0.651552
0.011717
-0.0217017
-0.350884
0.496953
-0.235871
-0.042364
-0.39688
-0.330413
0.0584799
-0.273154
-0.229921
0.101718
-0.469248
0.105889
-0.0966826
0.664323
-0.318024
1.1955
-0.0244062
-0.366814
0.041244
-0.422889
0.956588
1.26233
-0.721173
0.970056
0.445943
0.352757
-0.551329
0.686456
0.141512
